320.43499755859375
314.0790100097656
314.84600830078125
281.14599609375
265.0840148925781
274.6109924316406
286.0769958496094
294.135009765625
282.38299560546875
287.3030090332031
274.6080017089844
266.14599609375
267.3940124511719
223.8939971923828
176.89700317382812
209.07000732421875
207.83399963378906
200.0500030517578
211.4709930419922
212.90699768066406
211.3780059814453
227.32200622558594
233.51699829101562
232.6999969482422
247.3520050048828
254.07899475097656
273.1669921875
263.35101318359375
233.34800720214844
232.77200317382812
226.4409942626953
216.86700439453125
226.49099731445312
237.45399475097656
227.51100158691406
227.6649932861328
216.92300415039062
222.63299560546875
227.6929931640625
223.38900756835938
220.28199768066406
219.73199462890625
219.20799255371094
221.968994140625
235.5279998779297
257.5069885253906
234.8249969482422
233.4219970703125
243.77999877929688
236.41000366210938
240.25100708007812
243.7519989013672
244.54400634765625
235.9949951171875
238.9980010986328
238.88999938964844
237.33700561523438
236.43600463867188
253.52000427246094
254.2830047607422
260.35699462890625
275.0459899902344
281.989990234375
272.739013671875
275.6000061035156
272.29400634765625
276.4330139160156
274.81201171875
289.86199951171875
291.5249938964844
296.12701416015625
294.1180114746094
284.4419860839844
281.42498779296875
285.68499755859375
290.5950012207031
285.0669860839844
255.8800048828125
260.95599365234375
261.6440124511719
259.9169921875
267.8949890136719
266.5769958496094
247.4720001220703
246.2760009765625
248.5659942626953
246.97500610351562
242.87899780273438
242.87899780273438
247.45399475097656
244.22300720214844
247.08900451660156
253.07400512695312
254.29100036621094
253.76100158691406
260.72100830078125
255.2740020751953
253.06399536132812
244.75100708007812
243.69400024414062
236.01600646972656
236.53500366210938
235.9499969482422
224.75900268554688
219.072998046875
223.91700744628906
228.5749969482422
222.85299682617188
223.45599365234375
222.61199951171875
224.6199951171875
235.6020050048828
234.05299377441406
235.97000122070312
231.23500061035156
226.41000366210938
219.4290008544922
228.968994140625
225.59100341796875
225.6929931640625
235.93899536132812
232.34100341796875
234.8800048828125
240.3560028076172
238.8520050048828
236.24899291992188
229.66200256347656
237.20399475097656
243.7689971923828
241.72900390625
240.2989959716797
242.14500427246094
241.3979949951172
236.21400451660156
236.9550018310547
237.6439971923828
236.00999450683594
236.88699340820312
233.03700256347656
231.88999938964844
234.01600646972656
235.3209991455078
240.28599548339844
238.9759979248047
240.927001953125
237.10400390625
237.06500244140625
237.2570037841797
237.3769989013672
237.0919952392578
233.13499450683594
230.23300170898438
222.8939971923828
225.73599243164062
225.77200317382812
224.1540069580078
225.0050048828125
225.5959930419922
222.87899780273438
228.53799438476562
228.9949951171875
228.85499572753906
229.7050018310547
229.9199981689453
232.44200134277344
233.4219970703125
236.76499938964844
250.822998046875
249.42799377441406
249.04299926757812
244.52999877929688
245.10000610351562
243.968994140625
246.927001953125
244.28199768066406
240.36500549316406
242.60400390625
243.5489959716797
250.9550018310547
248.7209930419922
257.0360107421875
263.3450012207031
258.552001953125
255.45899963378906
256.4909973144531
260.80499267578125
271.1080017089844
269.9630126953125
265.98199462890625
270.8269958496094
269.156005859375
284.8800048828125
293.1400146484375
310.8269958496094
292.03399658203125
288.0450134277344
286.0419921875
278.09100341796875
279.33099365234375
274.7669982910156
273.4989929199219
278.8819885253906
275.6570129394531
277.34100341796875
276.0050048828125
288.16400146484375
288.6400146484375
292.6390075683594
293.63299560546875
294.4840087890625
289.1029968261719
287.6960144042969
284.6860046386719
280.4490051269531
282.8059997558594
281.2250061035156
284.84698486328125
281.906005859375
278.7409973144531
279.74200439453125
261.1159973144531
265.4779968261719
264.3420104980469
270.5979919433594
266.1830139160156
264.1319885253906
265.52899169921875
261.8659973144531
258.489990234375
257.9259948730469
225.67100524902344
226.8990020751953
235.35499572753906
232.66200256347656
230.37600708007812
228.11199951171875
210.0679931640625
222.0760040283203
226.0500030517578
224.7010040283203
231.5489959716797
229.89500427246094
229.11399841308594
230.25599670410156
228.02699279785156
229.32400512695312
227.21499633789062
230.19900512695312
234.8699951171875
239.9340057373047
239.8459930419922
243.4149932861328
238.33599853515625
238.32899475097656
239.85499572753906
235.24200439453125
230.60899353027344
230.49200439453125
230.25
229.0760040283203
233.52099609375
232.85800170898438
231.3990020751953
231.2169952392578
226.968994140625
230.93600463867188
230.35800170898438
234.36199951171875
235.0760040283203
234.13900756835938
232.83599853515625
239.01600646972656
236.63999938964844
236.00399780273438
237.26400756835938
237.20199584960938
238.531005859375
238.14700317382812
240.36399841308594
246.1699981689453
243.0749969482422
242.4980010986328
243.74000549316406
244.74200439453125
246.875
245.1999969482422
249.4929962158203
252.10699462890625
254.29600524902344
262.74700927734375
270.9070129394531
261.8609924316406
263.5719909667969
269.3059997558594
266.4960021972656
273.64898681640625
276.5039978027344
281.44500732421875
283.62799072265625
285.1809997558594
293.7030029296875
304.3240051269531
313.9429931640625
328.5119934082031
315.0050048828125
325.9419860839844
361.87298583984375
403.66400146484375
408.0769958496094
388.0469970703125
374.2690124511719
384.27801513671875
374.3240051269531
379.9840087890625
339.82000732421875
314.0790100097656
338.49798583984375
336.6239929199219
333.0509948730469
319.7349853515625
330.36199951171875
334.5929870605469
334.6789855957031
326.4110107421875
322.0920104980469
326.9750061035156
324.3500061035156
323.0140075683594
320.0450134277344
328.3030090332031
351.8609924316406
357.1409912109375
357.47198486328125
371.43701171875
377.41400146484375
361.8450012207031
359.33099365234375
361.2619934082031
363.72100830078125
389.55499267578125
389.9779968261719
395.7539978027344
414.4410095214844
417.9880065917969
415.281005859375
452.3349914550781
431.6600036621094
433.2720031738281
443.87799072265625
465.2080078125
454.7770080566406
455.84698486328125
463.552001953125
462.2340087890625
442.8380126953125
437.4360046386719
436.7200012207031
443.09100341796875
454.8550109863281
455.7560119628906
416.5140075683594
423.3429870605469
422.0979919433594
433.29998779296875
425.875
430.72100830078125
434.62200927734375
433.5780029296875
430.0610046386719
433.0690002441406
431.8559875488281
430.010986328125
457.5379943847656
453.38299560546875
448.2380065917969
448.697998046875
448.1820068359375
434.6650085449219
432.2879943847656
430.2550048828125
365.072998046875
387.1520080566406
381.7330017089844
387.0260009765625
379.739990234375
419.6319885253906
409.7510070800781
382.4339904785156
388.10198974609375
402.3169860839844
392.00201416015625
392.4440002441406
395.14599609375
380.1080017089844
378.864990234375
378.2929992675781
369.3500061035156
372.9200134277344
374.64599609375
370.17401123046875
388.89801025390625
386.5889892578125
376.5140075683594
376.7569885253906
373.4230041503906
376.14599609375
382.114013671875
379.6860046386719
384.6409912109375
392.9320068359375
407.5679931640625
401.4320068359375
407.656005859375
416.5719909667969
422.7300109863281
421.60101318359375
437.77301025390625
438.989013671875
438.2550048828125
420.95599365234375
425.0369873046875
424.6289978027344
432.8389892578125
432.5710144042969
433.43798828125
437.9169921875
435.1310119628906
423.9119873046875
421.83599853515625
410.781005859375
400.5249938964844
407.7569885253906
414.4649963378906
413.8940124511719
414.7439880371094
417.2380065917969
421.6050109863281
411.64801025390625
414.20098876953125
416.38800048828125
416.88800048828125
417.8890075683594
420.5469970703125
409.2650146484375
410.4010009765625
413.4179992675781
413.1319885253906
418.1610107421875
418.42401123046875
416.50799560546875
417.364990234375
426.5480041503906
426.5480041503906
424.3039855957031
416.8340148925781
415.2569885253906
416.760009765625
418.4219970703125
421.1730041503906
421.29901123046875
421.0169982910156
424.28399658203125
423.6199951171875
422.9070129394531
420.8110046386719
419.5920104980469
421.87200927734375
422.8429870605469
425.6319885253906
423.93499755859375
424.427001953125
429.57501220703125
430.635986328125
427.6109924316406
428.7030029296875
435.3240051269531
441.4159851074219
449.68798828125
445.8609924316406
450.55999755859375
459.1210021972656
461.64801025390625
466.2619934082031
445.0379943847656
449.4079895019531
455.1780090332031
448.4840087890625
451.9330139160156
444.72698974609375
450.1830139160156
446.71099853515625
447.9419860839844
459.6390075683594
458.4289855957031
458.20599365234375
460.51800537109375
450.864013671875
452.4469909667969
454.8500061035156
455.822998046875
455.7590026855469
457.58599853515625
454.0090026855469
453.6910095214844
454.52398681640625
437.7929992675781
442.96600341796875
443.2179870605469
439.3479919433594
444.2909851074219
446.06201171875
449.6719970703125
453.52099609375
473.02899169921875
527.4769897460938
528.4710083007812
534.1909790039062
531.1069946289062
536.5150146484375
537.6820068359375
569.7050170898438
573.3079833984375
574.6019897460938
585.4450073242188
577.1669921875
582.2030029296875
575.8369750976562
578.6740112304688
609.6840209960938
671.6539916992188
704.5040283203125
685.6849975585938
696.5230102539062
768.4869995117188
748.7559814453125
756.68798828125
763.927001953125
735.8829956054688
665.9149780273438
597.4429931640625
625.5750122070312
665.281005859375
665.9310302734375
629.3489990234375
658.1019897460938
644.1220092773438
640.5910034179688
672.5150146484375
676.7340087890625
704.968017578125
658.8040161132812
683.208984375
670.4180297851562
678.0900268554688
640.68798828125
666.3839721679688
650.5989990234375
648.4840087890625
648.2830200195312
664.7969970703125
652.9229736328125
659.1710205078125
663.781005859375
661.9929809570312
679.8090209960938
672.7379760742188
672.8060302734375
665.22802734375
664.9219970703125
650.7260131835938
655.4099731445312
661.2630004882812
654.2260131835938
651.6270141601562
654.4920043945312
655.1110229492188
657.0120239257812
655.0999755859375
624.6019897460938
606.39697265625
548.656005859375
566.3289794921875
578.281005859375
575.030029296875
587.77099609375
592.7360229492188
591.0380249023438
587.6480102539062
592.1240234375
588.7979736328125
587.3569946289062
585.5889892578125
570.4940185546875
567.2429809570312
577.760986328125
573.7069702148438
574.3389892578125
576.083984375
581.9390258789062
581.3109741210938
586.77099609375
583.4119873046875
580.1799926757812
577.7529907226562
579.4520263671875
569.8300170898438
574.0709838867188
574.114013671875
577.5910034179688
575.5460205078125
572.4099731445312
575.5549926757812
598.5900268554688
608.989990234375
606.5059814453125
610.572998046875
614.635009765625
626.3519897460938
622.927001953125
623.4240112304688
607.0050048828125
608.0250244140625
608.8410034179688
610.5880126953125
607.2459716796875
607.218017578125
606.2830200195312
609.8709716796875
609.2540283203125
603.5880126953125
597.2789916992188
596.198974609375
602.9609985351562
602.7490234375
600.8070068359375
608.02197265625
606.2429809570312
605.0189819335938
605.7150268554688
609.9290161132812
613.947998046875
610.968017578125
612.052001953125
610.218017578125
612.469970703125
612.6079711914062
617.3410034179688
619.1719970703125
616.822021484375
619.2379760742188
640.8709716796875
636.030029296875
637.0079956054688
640.3109741210938
639.0830078125
641.8179931640625
639.4110107421875
638.1339721679688
630.6630249023438
630.8250122070312
633.135986328125
657.6209716796875
657.1610107421875
654.0020141601562
657.677978515625
678.2139892578125
688.0
690.2890014648438
714.1179809570312
702.6400146484375
701.3369750976562
730.0659790039062
742.3460083007812
689.1240234375
703.5250244140625
703.81201171875
710.7360229492188
703.0889892578125
709.8250122070312
722.843994140625
715.5549926757812
716.7520141601562
705.1959838867188
701.9970092773438
705.7940063476562
711.1669921875
744.8759765625
740.7050170898438
751.8330078125
751.8790283203125
731.2650146484375
739.6430053710938
751.7410278320312
744.6199951171875
740.4420166015625
741.510986328125
735.43701171875
732.4840087890625
736.3289794921875
736.2839965820312
746.0460205078125
757.5449829101562
778.2479858398438
771.6380004882812
773.3939819335938
758.719970703125
764.2109985351562
768.0759887695312
769.9439697265625
773.0230102539062
774.7520141601562
770.0399780273438
780.64697265625
780.0050048828125
780.0700073242188
778.9630126953125
785.166015625
791.0079956054688
790.6920166015625
792.2470092773438
800.6439819335938
834.1799926757812
864.8880004882812
922.1799926757812
899.6519775390625
896.905029296875
908.35400390625
934.8309936523438
975.125
972.5349731445312
960.6270141601562
963.6580200195312
998.6170043945312
1021.5999755859375
1044.4000244140625
1156.72998046875
1014.239990234375
903.4869995117188
908.1749877929688
913.2440185546875
902.4400024414062
908.114990234375
775.177978515625
803.7369995117188
825.1420288085938
818.1420288085938
821.7830200195312
830.9459838867188
909.3729858398438
888.3350219726562
898.1719970703125
895.5490112304688
922.2050170898438
925.4990234375
910.677001953125
891.9240112304688
902.39501953125
918.3590087890625
919.8109741210938
922.0670166015625
920.1510009765625
920.958984375
970.9409790039062
990.0009765625
1011.4600219726562
1031.3299560546875
1043.52001953125
1028.4000244140625
1040.1400146484375
1062.3199462890625
1064.699951171875
995.6320190429688
988.8980102539062
1003.52001953125
998.885009765625
991.7349853515625
1006.2100219726562
1007.6500244140625
1026.1199951171875
1049.2099609375
1054.760009765625
1048.68994140625
1079.280029296875
1114.800048828125
1117.27001953125
1172.7099609375
1170.4100341796875
1144.27001953125
1163.780029296875
1180.719970703125
1180.0400390625
1224.6800537109375
1250.7099609375
1277.4300537109375
1254.2900390625
1267.469970703125
1273.2099609375
1223.22998046875
1150.3499755859375
1189.3599853515625
1116.3199462890625
1176.6199951171875
1221.780029296875
1232.1600341796875
1240.1600341796875
1251.3299560546875
1180.1600341796875
1099.68994140625
976.72998046875
1037.239990234375
1055.3599853515625
1120.6500244140625
1050.050048828125
1038.449951171875
936.5399780273438
972.0549926757812
972.0549926757812
1044.5799560546875
1046.0799560546875
1042.2099609375
1026.6400146484375
1071.7099609375
1080.6099853515625
1102.949951171875
1145.52001953125
1134.1400146484375
1125.81005859375
1178.93994140625
1172.6500244140625
1176.5699462890625
1187.300048828125
1187.4599609375
1204.81005859375
1201.02001953125
1170.3299560546875
1167.300048828125
1172.6099853515625
1183.25
1193.77001953125
1212.1300048828125
1211.0799560546875
1229.4200439453125
1222.7099609375
1231.9200439453125
1209.6300048828125
1250.449951171875
1265.989990234375
1281.8800048828125
1317.739990234375
1317.8399658203125
1321.8699951171875
1348.300048828125
1421.030029296875
1453.780029296875
1490.719970703125
1540.8699951171875
1556.81005859375
1579.469970703125
1596.9200439453125
1723.8900146484375
1756.52001953125
1780.3699951171875
1845.760009765625
1723.1199951171875
1800.8599853515625
1808.43994140625
1741.699951171875
1726.72998046875
1818.699951171875
1897.3699951171875
1984.239990234375
2067.030029296875
2043.18994140625
2191.56005859375
2321.3701171875
2446.239990234375
2320.889892578125
2196.27001953125
2054.080078125
2159.429931640625
2255.360107421875
2187.18994140625
2288.330078125
2404.030029296875
2493.719970703125
2547.7900390625
2512.39990234375
2690.840087890625
2869.3798828125
2720.489990234375
2807.43994140625
2828.139892578125
2942.409912109375
2953.219970703125
2680.909912109375
2716.8798828125
2499.580078125
2469.570068359375
2514.010009765625
2655.35009765625
2549.030029296875
2591.260009765625
2709.429931640625
2691.030029296875
2707.340087890625
2738.52001953125
2607.25
2590.570068359375
2478.449951171875
2553.030029296875
2567.56005859375
2539.239990234375
2492.60009765625
2436.39990234375
2498.56005859375
2561.0
2602.8701171875
2608.10009765625
2608.590087890625
2520.27001953125
2572.610107421875
2525.25
2385.889892578125
2332.77001953125
2402.699951171875
2360.590087890625
2230.1201171875
1991.97998046875
1932.6199951171875
2233.52001953125
2323.080078125
2269.889892578125
2838.409912109375
2668.6298828125
2808.10009765625
2732.699951171875
2757.5
2577.77001953125
2538.7099609375
2679.72998046875
2807.02001953125
2724.389892578125
2763.239990234375
2871.300048828125
2727.1298828125
2709.56005859375
2806.929931640625
2897.6298828125
3257.610107421875
3212.780029296875
3370.219970703125
3420.39990234375
3341.840087890625
3373.820068359375
3650.6298828125
3880.0400390625
4066.10009765625
4326.990234375
4200.33984375
4384.43994140625
4324.33984375
4137.75
4189.31005859375
4090.47998046875
3998.35009765625
4089.010009765625
4137.60009765625
4332.81982421875
4372.06005859375
4345.10009765625
4384.4501953125
4389.2099609375
4570.35986328125
4555.58984375
4701.759765625
4901.419921875
4585.27001953125
4591.6298828125
4228.2900390625
4376.58984375
4589.14013671875
4605.16015625
4229.81005859375
4229.33984375
4122.47021484375
4168.8798828125
4131.97998046875
3875.3701171875
3166.300048828125
3637.75
3606.280029296875
3591.090087890625
4073.7900390625
3916.360107421875
3901.469970703125
3628.02001953125
3629.919921875
3796.14990234375
3681.580078125
3928.409912109375
3892.93994140625
4197.1298828125
4171.6201171875
4166.10986328125
4341.0498046875
4395.81005859375
4408.4599609375
4319.3701171875
4229.8798828125
4324.4599609375
4369.35009765625
4429.669921875
4614.52001953125
4776.2099609375
4789.25
4829.580078125
5464.16015625
5643.52978515625
5835.9599609375
5687.56982421875
5741.580078125
5603.81982421875
5583.740234375
5708.10986328125
5996.7900390625
6036.66015625
6006.0
5935.52001953125
5524.60009765625
5747.9501953125
5899.740234375
5787.81982421875
5754.43994140625
6114.85009765625
6132.02001953125
6440.97021484375
6777.77001953125
7087.52978515625
7164.47998046875
7404.52001953125
7403.22021484375
7023.10009765625
7141.3798828125
7446.830078125
7173.72998046875
6618.60986328125
6295.4501953125
5938.25
6561.47998046875
6634.759765625
7323.240234375
7853.56982421875
7697.2099609375
7766.02978515625
8039.06982421875
8205.740234375
8077.9501953125
8232.3798828125
8074.02001953125
8241.7099609375
8789.0400390625
9352.7197265625
9823.4296875
10077.400390625
9906.7900390625
10198.599609375
10978.2998046875
11082.7001953125
11315.400390625
11685.7001953125
11923.400390625
14266.099609375
17802.900390625
16523.30078125
15168.400390625
15427.400390625
16919.80078125
17500.0
16384.599609375
16601.30078125
17760.30078125
19475.80078125
19106.400390625
19118.30078125
17760.30078125
16642.400390625
15898.0
13948.7001953125
14608.2001953125
13995.900390625
14036.599609375
16163.5
15864.099609375
14695.7998046875
14681.900390625
12897.7001953125
14112.2001953125
13625.0
14978.2001953125
15270.7001953125
15477.2001953125
17462.099609375
17527.30078125
16476.19921875
15123.7001953125
14588.5
14968.2001953125
13453.900390625
13952.400390625
14370.7998046875
13767.2998046875
13836.099609375
11431.099609375
11198.7998046875
11429.7998046875
11656.2001953125
12889.2001953125
11633.099609375
10944.5
10903.400390625
11421.7001953125
11256.0
11174.900390625
11475.2998046875
11755.5
11306.7998046875
10108.2001953125
10237.2998046875
9142.2802734375
8852.1201171875
9175.7001953125
8270.5400390625
7051.75
7755.490234375
7637.85986328125
8271.83984375
8720.080078125
8616.1298828125
8141.43017578125
8926.7197265625
8599.919921875
9488.3203125
10135.7001953125
10207.5
11123.400390625
10552.599609375
11231.7998046875
11372.2001953125
10660.400390625
9937.0703125
10287.7001953125
9796.419921875
9669.4296875
10393.900390625
10687.2001953125
10385.0
10977.400390625
11101.900390625
11497.400390625
11532.400390625
11500.099609375
10803.900390625
9951.4404296875
9414.6904296875
9350.58984375
8852.7802734375
9602.9296875
9173.0400390625
9214.650390625
8290.759765625
8322.91015625
8321.91015625
7890.52001953125
8344.1201171875
8619.669921875
8937.48046875
8939.4404296875
8736.25
8901.9501953125
8498.4697265625
8498.4697265625
8200.0
7836.830078125
7979.06982421875
7171.4501953125
6892.47998046875
7003.06005859375
6844.85986328125
7102.259765625
7456.41015625
6848.64990234375
6815.9599609375
6630.509765625
6919.97998046875
7044.31982421875
6795.43994140625
6843.47021484375
6955.3798828125
7901.08984375
7874.669921875
7999.330078125
8337.5703125
8071.66015625
7944.43017578125
8159.27001953125
8286.8798828125
8848.7900390625
8925.0595703125
8794.3896484375
8934.33984375
9701.0302734375
8867.3203125
9290.6298828125
8939.26953125
9346.41015625
9426.1103515625
9251.4697265625
9104.599609375
9233.9697265625
9695.5
9700.2802734375
9845.3095703125
9645.669921875
9380.8701171875
9223.73046875
9325.9599609375
9052.9599609375
8441.4404296875
8515.490234375
8713.099609375
8705.1904296875
8504.41015625
8370.0498046875
8091.830078125
8255.73046875
8246.990234375
8522.330078125
8419.8701171875
8037.080078125
7561.1201171875
7592.2998046875
7486.47998046875
7362.080078125
7371.31005859375
7129.4599609375
7469.72998046875
7406.14990234375
7500.7001953125
7536.72021484375
7632.08984375
7722.52978515625
7500.89990234375
7625.97021484375
7650.81982421875
7685.14013671875
7632.52001953125
7499.5498046875
6799.2900390625
6905.81982421875
6596.8798828125
6342.75
6674.080078125
6455.4501953125
6545.52978515625
6510.06982421875
6742.39013671875
6770.759765625
6780.08984375
6737.8798828125
6090.10009765625
6164.27978515625
6171.97021484375
6253.5498046875
6084.39990234375
6153.16015625
5898.1298828125
6214.22021484375
6411.68017578125
6380.3798828125
6596.66015625
6550.8701171875
6599.7099609375
6638.68994140625
6668.7099609375
6857.7998046875
6775.080078125
6739.2099609375
6330.77001953125
6396.77978515625
6235.02978515625
6247.5
6272.7001953125
6357.009765625
6739.64990234375
7315.31982421875
7378.2001953125
7467.39990234375
7352.72021484375
7417.7998046875
7414.7099609375
7716.509765625
8379.66015625
8176.85009765625
7950.39990234375
8169.06005859375
8205.8203125
8221.580078125
8181.2001953125
7769.0400390625
7634.18994140625
7562.14013671875
7438.669921875
7031.080078125
7062.93994140625
6958.31982421875
6746.85009765625
6305.56005859375
6571.419921875
6185.7900390625
6283.64990234375
6341.35986328125
6287.66015625
6221.419921875
6294.22998046875
6340.91015625
6583.43017578125
6422.56982421875
6500.509765625
6301.06982421875
6486.25
6371.33984375
6551.52001953125
6719.9501953125
6754.64013671875
6710.7998046875
6891.080078125
7091.7099609375
7043.759765625
6973.97021484375
7044.81005859375
7189.580078125
7279.02978515625
7263.0
7361.4599609375
6755.14013671875
6528.919921875
6460.169921875
6223.3798828125
6301.56982421875
6331.8798828125
6317.009765625
6354.240234375
6515.41015625
6509.39990234375
6536.68017578125
6514.06005859375
6280.91015625
6371.85009765625
6398.85009765625
6513.8701171875
6735.0498046875
6715.31982421875
6704.77001953125
6603.64013671875
6452.7900390625
6495.2900390625
6678.75
6643.10009765625
6604.7099609375
6619.85009765625
6593.240234375
6553.85986328125
6497.91015625
6574.14990234375
6622.4501953125
6590.68017578125
6600.18994140625
6653.080078125
6640.2900390625
6586.740234375
6239.25
6278.080078125
6288.490234375
6292.64013671875
6601.41015625
6590.52001953125
6542.330078125
6478.06982421875
6460.919921875
6490.08984375
6486.0498046875
6472.35986328125
6478.89013671875
6484.64990234375
6468.43994140625
6480.83984375
6482.66015625
6492.35009765625
6337.0400390625
6336.990234375
6318.14013671875
6378.919921875
6387.240234375
6365.47021484375
6363.6201171875
6433.3798828125
6468.5
6522.27001953125
6442.60009765625
6386.1298828125
6413.6298828125
6411.759765625
6373.18994140625
6351.240234375
5736.14990234375
5645.31982421875
5578.580078125
5559.740234375
5620.77978515625
4863.93017578125
4465.5400390625
4611.56982421875
4360.7001953125
4347.68994140625
3880.780029296875
4015.070068359375
3765.949951171875
3822.469970703125
4269.00439453125
4289.0888671875
4024.46435546875
4200.7333984375
4147.32373046875
3886.294921875
3958.894775390625
3754.074462890625
3512.59033203125
3421.910400390625
3473.2275390625
3612.04638671875
3497.5546875
3421.458251953125
3487.87939453125
3311.751953125
3243.99755859375
3236.274658203125
3253.123046875
3544.761474609375
3706.824951171875
3742.195068359375
4133.70361328125
3898.083740234375
4020.99462890625
4000.331787109375
4081.030517578125
3819.666748046875
3854.6884765625
3653.1318359375
3932.49169921875
3822.384765625
3866.839111328125
3746.71337890625
3849.21630859375
3931.048583984375
3832.0400390625
3851.973876953125
3836.51904296875
4078.5849609375
4028.47216796875
4031.552001953125
4034.411376953125
3674.015380859375
3686.97314453125
3658.8681640625
3557.31103515625
3704.21630859375
3631.509765625
3651.87109375
3677.990478515625
3652.3779296875
3725.446044921875
3600.372802734375
3575.081298828125
3605.55712890625
3584.500244140625
3607.390380859375
3599.71533203125
3604.687255859375
3584.283203125
3468.8701171875
3443.89697265625
3485.4091796875
3460.547119140625
3484.6259765625
3516.1396484375
3467.211669921875
3454.950927734375
3469.091796875
3414.929443359375
3401.37646484375
3671.5859375
3673.201416015625
3695.613037109375
3642.751953125
3653.60400390625
3631.170166015625
3617.368408203125
3615.270263671875
3633.359375
3671.369873046875
3911.66162109375
3946.68505859375
4000.2568359375
3952.406494140625
3998.916259765625
4145.4580078125
3807.00244140625
3878.697265625
3857.479736328125
3848.261962890625
3853.757080078125
3855.318115234375
3862.26611328125
3845.091552734375
3759.83251953125
3897.0810546875
3903.384765625
3913.225830078125
3894.552490234375
3966.17431640625
3953.740234375
3903.75830078125
3913.04736328125
3905.576904296875
3926.663330078125
3963.900146484375
4047.719482421875
4029.968505859375
4032.69189453125
4070.7939453125
4083.953857421875
4028.5146484375
4022.71337890625
4035.16357421875
4024.11279296875
3969.228759765625
3984.244873046875
4087.58447265625
4068.2998046875
4092.13623046875
4105.3623046875
4105.3623046875
4156.91943359375
4879.9580078125
4971.3076171875
4922.80615234375
5036.79296875
5062.7939453125
5199.83544921875
5289.91796875
5204.10546875
5325.08154296875
5061.20068359375
5088.85009765625
5095.7587890625
5167.32177734375
5066.57763671875
5236.13525390625
5251.48046875
5298.154296875
5304.16064453125
5335.87890625
5312.49462890625
5399.36572265625
5571.50830078125
5466.5244140625
5210.3046875
5279.47119140625
5271.74658203125
5284.8583984375
5247.72607421875
5350.91455078125
5402.4228515625
5505.55224609375
5769.20263671875
5831.068359375
5791.693359375
5745.59912109375
5849.4814453125
5982.31640625
6175.82275390625
6379.6669921875
7203.50732421875
6971.17822265625
7807.88427734375
7989.37451171875
8194.5009765625
7886.92578125
7341.66455078125
7267.962890625
8196.923828125
7977.96923828125
7956.2919921875
7677.26904296875
7881.6953125
7991.88525390625
8055.2060546875
8674.072265625
8802.7578125
8718.591796875
8661.7607421875
8320.2861328125
8573.83984375
8565.4736328125
8741.7470703125
8210.9853515625
7704.34326171875
7819.63330078125
7826.9013671875
8036.77490234375
7949.6748046875
7692.28466796875
8004.24365234375
7925.43408203125
8145.54541015625
8230.8984375
8689.74609375
8841.4404296875
8988.923828125
9335.466796875
9078.7275390625
9273.060546875
9525.07421875
10175.923828125
10696.69140625
10853.744140625
11007.2021484375
11778.5810546875
13017.125
11162.16796875
12400.763671875
11931.9912109375
10796.9306640625
10588.68359375
10818.15625
11972.71875
11203.1025390625
10982.5439453125
11217.6162109375
11446.5966796875
12284.326171875
12571.537109375
12139.7138671875
11354.2998046875
11813.126953125
11381.0205078125
10257.8388671875
10896.6533203125
9471.2138671875
9698.5029296875
10653.9560546875
10525.8193359375
10777.529296875
10596.9482421875
10346.748046875
9887.73046875
9809.0966796875
9913.126953125
9871.1650390625
9491.626953125
9548.1787109375
9522.3291015625
9604.05078125
10077.4423828125
10402.04296875
10519.2783203125
10821.6328125
10960.7353515625
11811.544921875
11476.193359375
11954.0400390625
11953.4697265625
11861.556640625
11349.740234375
11528.189453125
11385.052734375
10889.4873046875
10038.421875
10319.419921875
10358.72265625
10233.005859375
10350.283203125
10916.3466796875
10764.572265625
10142.521484375
10136.3095703125
10407.64453125
10160.7373046875
10126.2998046875
10372.826171875
10203.4267578125
9756.7861328125
9514.8447265625
9597.5390625
9630.5927734375
9757.4736328125
10345.7255859375
10621.1806640625
10588.18359375
10578.1982421875
10353.931640625
10518.1142578125
10443.228515625
10336.408203125
10123.03515625
10176.8193359375
10415.3623046875
10345.4033203125
10356.4658203125
10347.22265625
10281.513671875
10247.7958984375
10200.49609375
10266.318359375
10183.6484375
10024.115234375
10067.962890625
9729.3212890625
8603.4287109375
8487.669921875
8113.10107421875
8251.2734375
8246.037109375
8104.2265625
8299.720703125
8344.212890625
8390.7744140625
8259.494140625
8210.1494140625
8149.876953125
7989.12060546875
8246.849609375
8229.8408203125
8585.2802734375
8585.2626953125
8315.6650390625
8336.90234375
8320.83203125
8373.4580078125
8204.6748046875
8047.8125
8100.93359375
7973.8037109375
7997.80712890625
8225.115234375
8243.40234375
8076.228515625
7509.72802734375
7490.703125
8667.5771484375
9241.70703125
9565.1015625
9248.4404296875
9422.462890625
9202.4580078125
9193.9921875
9259.783203125
9324.787109375
9235.607421875
9413.0048828125
9340.8642578125
9352.3935546875
9265.3681640625
8809.46875
8812.4892578125
9056.91796875
8759.751953125
8812.033203125
8811.9365234375
8705.7080078125
8491.166015625
8549.470703125
8573.98046875
8305.134765625
8203.61328125
8023.64453125
7643.5693359375
7296.16455078125
7398.6337890625
7039.97705078125
7145.1591796875
7220.880859375
7536.8203125
7466.72705078125
7764.05712890625
7571.6162109375
7424.0361328125
7323.9755859375
7320.125
7253.24169921875
7450.5615234375
7547.265625
7551.3388671875
7561.79541015625
7397.13427734375
7277.19775390625
7216.73876953125
7244.662109375
7268.90283203125
7124.23974609375
7153.6630859375
6931.3154296875
6647.6982421875
7277.5908203125
7208.63671875
7220.59375
7191.1884765625
7508.90234375
7354.39306640625
7325.755859375
7274.79931640625
7238.14111328125
7289.03125
7317.6474609375
7420.27294921875
7294.43896484375
7194.89208984375
7202.55126953125
6984.4287109375
7345.37548828125
7410.45166015625
7410.4521484375
7768.68212890625
8161.935546875
8082.2958984375
7878.3076171875
8162.19091796875
8033.26171875
8189.77197265625
8140.93310546875
8825.34375
8812.4814453125
8725.2099609375
8927.2119140625
8941.4453125
8704.6318359375
8658.9912109375
8744.2109375
8680.650390625
8405.5673828125
8440.119140625
8364.41015625
8597.30859375
8912.5244140625
9357.470703125
9316.0166015625
9508.3134765625
9346.357421875
9389.8203125
9344.68359375
9292.841796875
9183.416015625
9617.8212890625
9726.0029296875
9793.0703125
9863.89453125
10115.5595703125
9855.8916015625
10202.3876953125
10323.9609375
10211.55078125
10313.8564453125
9889.1796875
9936.560546875
9691.23046875
10143.798828125
9629.3251953125
9611.7822265625
9687.70703125
9663.318359375
9921.5830078125
9651.3125
9338.2900390625
8825.09375
8788.728515625
8671.212890625
8599.7587890625
8563.2646484375
8865.3876953125
8788.5419921875
8760.28515625
9078.30859375
9121.6005859375
8908.2060546875
8111.146484375
7922.14697265625
7910.08984375
7913.6162109375
5017.8310546875
5573.07763671875
5201.06689453125
5385.2294921875
5002.578125
5227.11376953125
5245.41650390625
6191.65380859375
6206.521484375
6185.55810546875
5831.37451171875
6436.642578125
6738.716796875
6675.1708984375
6719.38916015625
6467.25390625
5925.53857421875
5925.53857421875
6430.6064453125
6437.3193359375
6606.7763671875
6797.396484375
6738.3828125
6862.53759765625
6788.0498046875
7273.64404296875
7179.283203125
7337.96630859375
7303.8154296875
6867.4404296875
6858.06787109375
6965.61669921875
6843.28173828125
6845.5615234375
6640.4541015625
7116.552734375
7092.29150390625
7260.92236328125
7186.87353515625
6879.7841796875
6879.4404296875
7121.30615234375
7434.181640625
7550.48291015625
7570.13916015625
7679.4189453125
7796.97021484375
7806.71240234375
8797.669921875
8672.7822265625
8869.0576171875
8983.6142578125
8895.7451171875
8912.83203125
9007.44140625
9261.8955078125
9936.162109375
9840.90625
9591.1689453125
8755.53515625
8610.3857421875
8805.3876953125
9271.3291015625
9734.291015625
9333.240234375
9374.9296875
9675.6953125
9727.0634765625
9725.3291015625
9522.740234375
9080.3349609375
9185.0625
9212.283203125
8786.107421875
8909.5859375
8837.380859375
9184.9453125
9528.35546875
9438.9140625
9700.10546875
9463.60546875
10162.9736328125
9533.7607421875
9655.8544921875
9800.2158203125
9664.904296875
9653.0029296875
9760.0634765625
9774.3603515625
9794.119140625
9870.078125
9320.6904296875
9480.7353515625
9477.5537109375
9386.03515625
9454.2666015625
9533.7841796875
9481.5673828125
9410.2939453125
9290.9599609375
9330.9267578125
9300.9150390625
9644.076171875
9632.1494140625
9314.126953125
9260.9951171875
9167.82421875
9048.4609375
9140.029296875
9185.5810546875
9145.9853515625
9231.1396484375
9124.8427734375
9084.2333984375
9126.0908203125
9072.849609375
9349.1611328125
9253.0205078125
9427.994140625
9273.357421875
9277.51171875
9241.0546875
9277.205078125
9238.703125
9241.8974609375
9191.98046875
9131.8125
9151.18359375
9158.005859375
9187.220703125
9162.5146484375
9375.080078125
9527.1416015625
9585.5146484375
9539.4853515625
9680.234375
9905.2177734375
11017.4638671875
10912.953125
11099.8330078125
11110.2109375
11322.5703125
11758.7646484375
11043.7685546875
11246.203125
11203.8232421875
11749.87109375
11778.89453125
11604.5537109375
11737.3251953125
11662.2568359375
11881.6474609375
11404.5966796875
11588.4052734375
11772.6591796875
11768.697265625
11866.685546875
11895.658203125
12251.8955078125
11990.884765625
11761.5
11878.0263671875
11585.4775390625
11679.6962890625
11663.689453125
11773.5888671875
11366.89453125
11485.6083984375
11325.2958984375
11541.0546875
11508.7138671875
11713.306640625
11679.31640625
11964.8232421875
11407.19140625
10230.365234375
10512.5302734375
10167.216796875
10280.998046875
10369.306640625
10134.1513671875
10242.330078125
10369.0283203125
10409.861328125
10452.3994140625
10328.734375
10677.7548828125
10797.76171875
10973.251953125
10951.8203125
10933.7529296875
11095.8701171875
10934.92578125
10459.6240234375
10539.45703125
10227.4794921875
10747.47265625
10702.2373046875
10752.939453125
10771.6416015625
10712.462890625
10845.4111328125
10785.0107421875
10624.390625
10583.806640625
10567.919921875
10688.0341796875
10799.7783203125
10619.8037109375
10677.625
10925.4443359375
11059.142578125
11296.08203125
11392.6357421875
11548.7197265625
11429.0478515625
11426.6025390625
11502.828125
11322.123046875
11355.982421875
11495.0380859375
11745.974609375
11913.0771484375
12801.6357421875
12971.548828125
12931.57421875
13108.0634765625
13031.201171875
13075.2421875
13654.21484375
13271.298828125
13437.8740234375
13546.5322265625
13780.9951171875
13737.0322265625
13550.451171875
13950.48828125
14133.7333984375
15579.7294921875
15565.880859375
14833.75390625
15479.595703125
15332.3505859375
15290.9091796875
15701.298828125
16276.4404296875
16317.80859375
16068.1396484375
15955.5771484375
16685.69140625
17645.19140625
17803.861328125
17817.083984375
18621.31640625
18642.232421875
18370.017578125
18365.015625
19104.41015625
18729.83984375
17153.9140625
17112.93359375
17719.634765625
18178.322265625
19633.76953125
18801.744140625
19205.92578125
19446.966796875
18698.384765625
19154.1796875
19343.12890625
19191.529296875
18320.884765625
18553.298828125
18263.9296875
18051.3203125
18806.765625
19144.4921875
19246.919921875
19418.818359375
21308.3515625
22806.796875
23132.865234375
23861.765625
23474.455078125
22794.0390625
23781.974609375
23240.203125
23733.5703125
24677.015625
26439.373046875
26280.822265625
27081.810546875
27360.08984375
28841.57421875
28994.009765625
29376.455078125
32129.408203125
32810.94921875
31977.041015625
34013.61328125
36833.875
39381.765625
40788.640625
40254.21875
38346.53125
35516.359375
33915.12109375
37325.109375
39156.70703125
36821.6484375
36163.6484375
35792.23828125
36642.234375
36050.11328125
35549.3984375
30817.625
32985.7578125
32064.376953125
32285.798828125
32358.61328125
32564.029296875
30441.041015625
34318.671875
34295.93359375
34270.87890625
33114.578125
33533.19921875
35510.8203125
37475.10546875
36931.546875
38138.38671875
39250.19140625
38886.828125
46184.9921875
46469.76171875
44898.7109375
47877.03515625
47491.203125
47114.5078125
48696.53515625
47944.45703125
49207.27734375
52140.97265625
51675.98046875
55887.3359375
56068.56640625
57532.73828125
54204.9296875
48835.0859375
49709.08203125
47180.46484375
46344.7734375
46194.015625
45159.50390625
49612.10546875
48415.81640625
50522.3046875
48527.03125
48899.23046875
48918.6796875
51174.1171875
52272.96875
54824.01171875
55963.1796875
57821.21875
57343.37109375
61221.1328125
59267.4296875
55840.78515625
56825.828125
58893.078125
57850.44140625
58332.26171875
58309.9140625
57517.890625
54511.66015625
54710.48828125
52726.74609375
51683.01171875
55137.56640625
55947.8984375
55947.8984375
57750.1328125
58930.27734375
58926.5625
59098.87890625
59397.41015625
57604.83984375
58760.875
59171.93359375
58186.5078125
56099.9140625
58326.5625
58253.77734375
59846.23046875
60175.9453125
59890.01953125
63523.75390625
63075.1953125
63258.50390625
61529.921875
60701.88671875
56191.5859375
55681.79296875
56471.12890625
53857.10546875
51739.80859375
51143.2265625
50052.83203125
49077.79296875
54030.3046875
55036.63671875
54858.08984375
53568.6640625
57714.6640625
