2.83162
2.79376
0.706136
0.713989
0.708087
1.05875
1.22224
1.81092
1.80289
1.68435
1.58119
1.2153
1.16693
1.25118
1.47752
1.39629
1.375
1.34559
1.22861
1.13279
1.16981
1.14766
1.19353
1.18299
1.32138
1.35348
1.35157
1.29519
1.26493
1.28056
1.33801
1.2959
1.24665
1.23935
1.20761
1.16497
0.987228
1.04178
0.940566
0.875189
0.941977
0.906865
0.874574
0.849603
0.881191
0.941496
0.919337
0.90356
0.896796
0.820031
0.73763
0.791277
0.723715
0.579414
0.661192
0.734307
0.683732
0.678783
0.686343
0.666784
0.622218
0.650515
0.609501
0.655084
0.641187
0.627461
0.634515
0.627943
0.61224
0.523278
0.562593
0.534117
0.547913
0.517621
0.489629
0.431589
0.444988
0.56637
0.539681
0.563207
0.619743
0.70889
0.870938
1.00525
1.2092
1.04658
0.920847
1.05797
0.994568
1.01065
0.900699
0.904772
0.923732
0.915661
1.03253
1.00126
0.941296
0.796455
0.907722
0.905469
0.891217
0.906166
0.924948
0.993214
0.988713
0.955735
0.928758
0.979765
0.967493
0.946442
0.893827
0.863273
0.8821
0.868102
0.914144
0.879951
0.878316
0.873171
0.818546
0.812082
0.841195
0.866417
0.836322
0.806024
0.824454
0.79559
0.839995
0.931196
0.971538
0.95662
0.990589
1.01711
0.993043
0.938327
0.921524
0.90824
0.906065
0.894973
0.861782
0.859433
0.861993
0.870766
0.853166
0.856356
0.843835
0.874258
0.912098
0.933712
0.947401
0.93843
0.972045
0.953147
0.950028
0.955801
0.942752
0.985501
0.985557
0.999216
1.0661
1.13547
1.1221
1.18444
1.22046
1.22147
1.33231
1.42261
1.36318
1.5327
1.54703
1.50412
1.90054
2.14764
2.53274
2.24744
2.40645
2.54298
2.50772
2.44315
2.31969
2.21519
2.43193
2.52903
2.57035
2.53382
2.53641
2.973
3.17499
4.00055
4.49682
5.94615
5.68505
5.40433
5.33053
5.32832
4.28917
3.7747
4.38479
4.6822
4.36055
4.66495
5.68493
5.60405
6.18671
6.03783
5.96308
6.40551
6.45565
6.31931
7.63303
8.44229
9.24056
10.3703
11.204
11.4288
9.58214
9.79242
11.8815
11.2216
11.1307
13.5102
14.5122
13.0017
13.0216
12.5587
11.1091
11.2037
10.5163
10.3037
11.8792
11.3279
12.4422
11.2603
10.7679
10.9861
10.4314
11.7527
11.6053
11.9198
11.4006
11.6306
11.6283
11.6158
11.2125
10.4498
10.6952
10.0774
9.69423
9.14985
8.94278
8.63947
7.44136
8.07517
8.38606
8.23588
8.62319
9.33273
9.07533
8.68819
8.45346
8.14992
7.79183
8.29343
8.00777
7.52655
7.38839
7.74069
7.20703
7.45391
8.77508
8.89424
10.1651
9.38287
9.39673
9.80961
9.31565
9.3729
9.49404
9.28265
9.43143
9.99511
10.0623
10.5051
10.2386
9.9687
11.1932
12.1793
13.5428
14.8532
13.6897
14.0405
14.2798
13.3054
12.7932
12.5161
12.3894
11.3332
12.1122
12.3253
12.7435
14.1098
13.9917
13.7429
13.8643
13.7625
14.0007
13.9453
14.5079
14.4306
14.3759
13.9091
14.1864
15.7723
17.612801
18.9053
18.362801
20.6509
15.3786
11.1673
12.2369
11.8198
13.1997
13.2156
13.6821
14.3028
14.2611
13.8082
13.9276
12.1742
12.6029
12.4381
12.216
12.1208
11.6961
11.4574
10.5758
10.5359
10.1153
11.4177
10.9604
10.9411
10.447
10.5066
10.5969
11.4991
11.9194
11.6235
11.173
11.0466
11.5902
12.4601
12.6575
14.6655
14.2958
12.7434
13.8161
12.0505
12.9791
12.8364
12.7974
12.4397
11.8948
10.9485
8.8768
10.311
11.019
10.9167
10.8592
10.9135
11.2746
12.2298
12.1382
11.6889
11.7704
11.5833
11.2017
11.2287
11.1332
10.7475
10.7463
10.7501
11.2533
11.1851
11.137
11.0243
11.0313
11.3524
11.294
11.147
10.9151
10.9921
11.2386
11.6705
11.9642
12.1129
11.7541
11.6805
11.7254
11.6945
11.5458
11.4125
11.6623
12.2079
11.643
11.8887
11.9046
11.9431
11.9596
12.5582
12.6864
12.436
13.2139
14.4341
13.665
13.208
13.3223
12.8525
13.1696
12.8639
13.1074
13.2768
13.076
13.2032
13.1802
13.203
13.4505
13.2834
13.0263
12.8516
12.674
12.2156
12.0607
11.7624
11.7846
11.9092
11.9891
11.9361
11.9817
11.9556
11.9959
12.5926
12.0463
12.1297
12.1804
12.1304
12.0372
11.9676
11.3841
11.5312
11.4749
11.1003
10.4282
11.2296
10.9578
10.7735
10.7977
10.8175
11.0948
10.9917
10.9037
10.8506
10.8199
10.6747
10.514
10.2924
9.88765
10.0982
9.97194
10.217
10.0596
9.98835
9.48282
9.66121
9.58016
9.62576
9.91977
9.84603
9.22853
9.41643
9.31202
8.99844
8.7287
8.15548
8.60162
8.45557
7.76633
7.90343
7.41059
6.8046
7.89483
8.3835
8.16814
8.43837
8.12641
8.19236
8.5204
8.4515
8.23533
7.85904
7.85569
7.86052
7.86943
7.63368
7.66366
7.89904
7.57695
7.15242
7.26485
7.1321
7.27637
7.14895
7.53913
8.28988
8.15115
7.98231
8.17087
8.37458
9.70929
11.2868
10.2858
10.2409
9.87258
10.3138
10.3695
10.5415
9.72139
9.82722
9.78645
9.8292
9.88353
9.63962
10.2964
10.2405
10.3868
10.5955
10.9101
10.7099
10.7279
10.6185
10.5672
10.5841
10.5383
10.5617
10.4938
10.5642
10.7413
10.7355
10.8125
11.1287
11.4422
11.3539
11.4253
11.5402
11.4359
11.045
11.2908
11.3533
11.3836
11.2864
13.0397
12.921
12.8985
12.7084
12.8176
12.7652
12.3422
12.6872
12.5981
13.1343
13.0638
13.5177
14.5058
15.4507
15.8472
17.355301
19.042801
19.517099
18.5028
19.282301
19.5791
18.8825
16.6401
17.7409
19.374599
21.464899
23.5049
28.571899
28.6451
35.3573
45.929501
46.874199
35.529701
44.833599
43.5098
43.122501
42.565201
43.638
53.575901
50.769901
51.312099
49.7104
50.569302
53.1245
51.7537
50.033699
50.7384
48.821201
43.921799
44.661098
45.220501
42.865101
41.798401
44.280399
43.277599
43.5014
43.462799
46.3106
49.971401
47.653702
49.0378
48.659698
48.319
50.729
48.132301
49.643299
48.1824
48.592499
48.866699
50.0746
49.909401
52.805698
62.226898
71.389603
68.540604
79.321602
76.653397
77.253998
79.720398
96.734703
94.912102
97.8694
93.747002
91.227997
91.1511
89.770699
89.428596
88.694397
90.871597
90.784103
92.387703
89.250298
89.840401
97.052803
129.222
127.537003
158.173004
170.817993
182.649002
189.848999
175.216995
159.817001
158.817001
170.134995
195.613007
231.578003
230.886002
222.285995
223.464005
224.117004
245.261993
248.598999
264.26001
257.990997
261.748993
282.014008
338.794006
341.164001
395.686005
397.588989
358.506989
361.182007
369.882996
379.519012
371.864014
370.326996
359.540009
337.733002
336.484985
341.625
323.466003
302.954987
272.691986
293.041992
328.365997
303.152008
293.352997
275.122986
288.414001
282.19101
273.098999
268.858002
270.350006
245.889999
251.822006
243.011002
211.524994
197.151993
231.811996
209.529007
199.709
169.574005
159.990997
195.026993
234.940994
205.421997
226.061005
217.860001
229.123001
226.285004
224.373001
207.085999
204.856003
204.324997
193.341003
206.735992
197.404999
204.688004
227.005997
220.179993
225.307999
222.852005
256.419006
261.237
269.100006
297.631989
296.960999
294.494995
308.709991
310.365997
298.031006
299.951996
289.819
302.804993
301.696991
296.181
296.644012
300.476013
321.054993
315.265991
317.447998
326.109009
331.98999
334.356995
350.042999
347.964996
369.472992
378.44101
383.46701
387.824005
350.229004
347.132996
297.566986
313.802002
333.519012
329.635986
296.169006
294.063995
289.744995
294.630005
291.122009
276.587006
215.220993
250.865997
245.848999
252.227005
293.656006
282.015015
283.263
258.114014
264.598999
286.213989
282.217987
292.346008
287.019989
306.471008
299.119995
291.47699
301.546997
302.481995
297.483002
292.753998
292.77301
295.154999
308.891998
311.05899
308.666992
297.601013
301.181
303.497986
304.07901
338.85199
339.528992
336.710999
333.484009
316.944
314.537994
308.04599
303.571991
300.549011
295.096008
287.119995
298.437012
298.022003
296.507996
297.915009
296.381012
304.782013
307.377991
305.761993
290.725006
288.497009
305.480988
300.036987
296.427002
298.567993
294.270996
308.644989
320.67099
298.585999
314.690002
307.024994
316.763
337.963989
333.442993
330.166992
331.980011
347.401001
354.093994
367.442993
360.312012
381.438995
412.501007
475.675995
465.973999
471.531006
480.518005
473.281006
431.214996
445.209015
466.851013
463.704987
466.053986
470.294006
462.604004
426.368988
434.989014
457.343994
472.789001
440.358002
522.286011
644.906006
700.593994
696.375977
686.192017
696.237
721.731995
793.901001
827.515991
820.236023
822.643005
681.315979
721.768982
698.869995
763.369995
774.969971
762.208008
740.388977
753.815002
712.211975
755.757019
772.346008
886
961.713013
975.75
995.153992
1043.01001
1158.26001
1146
1300.339966
1268.089966
1158.290039
1270.469971
1397.47998
1365.209961
1292.630005
1061.339966
1016.440002
1028.819946
1044.949951
1155.680054
1055.349976
1004.169983
987.47699
1063.219971
1052.699951
1055.75
1111.780029
1246.699951
1184.130005
1071.089966
1119.369995
1035.77002
919.210999
964.666992
834.958008
707.737
790.427979
755.843018
818.47998
882.46698
859.288025
817.507996
869.29303
844.278992
923.728027
934.786011
944.747986
973.348999
921.66803
943.567017
894.13501
849.262024
811.585022
861.593018
839.458984
845.278015
870.36499
877.934021
856.012024
871.763977
856.710999
856.185974
866.846008
853.817017
816.270996
752.570007
702.197021
730.159973
685.312012
724.406006
698.153015
691.218994
614.838989
611.778015
601.677979
551.640015
546.625977
556.721985
559.099976
562.103027
539.864014
542.572021
522.703003
524.286987
489.589996
450.290985
448.075012
385.904999
395.003998
397.253998
379.699005
387.312012
416.484985
379.946991
382.730988
370.380005
385.743011
400.856995
399.411011
415.023987
430.161011
493.160004
492.579987
502.880005
532.073975
511.144989
503.30899
524.038025
567.989014
616.004028
606.119019
621.198975
643.39801
707.062012
618.078979
662.109009
644.645996
683.911987
689.760986
670.463013
674.075012
686.591003
776.775024
784.583008
816.088013
793.338989
755.008972
752.901978
752.578979
727.013
679.877014
687.174988
732.732971
731.143005
708.086975
708.718018
672.10199
695.072021
697.922974
717.192993
700.177979
646.669983
584.536011
602.140015
587.426025
588.52002
573.044983
516.14801
566.830017
558.497009
578.671997
580.429016
591.258972
619.437012
593.406006
610.262024
607.687012
605.442993
600.905029
594.344971
524.856995
532.710022
498.018005
478.381012
520.47998
490.414001
499.459991
499.382996
519.02301
538.505981
536.447021
527.19397
466.273987
474.768005
455.936005
460.733002
432.243988
442.290009
422.587006
436.209015
455.242004
453.824005
475.385986
464.151001
467.286987
474.356995
474.057007
492.067993
488.877991
476.161987
434.515015
446.502014
430.740997
434.510986
435.882996
450.424988
480.076996
500.838013
480.627991
469.307007
450.678986
462.437988
459.438995
451.135986
479.906006
472.330994
464.009003
469.678009
466.915009
466.826996
457.244995
433.868988
420.806
412.566986
418.237
407.346008
410.566986
406.800995
379.891998
356.971008
365.776001
334.264008
320.822998
320.209991
286.36499
280.386993
282.740997
287.683014
316.790985
295.670013
301.381012
273.330994
281.967987
271.747986
278.110992
283.281006
279.524994
275.350006
286.648987
296.162994
289.752991
284.119995
283.496002
295.453003
295.181
289.296997
286.045013
231.647995
229.535004
217.912003
198.384995
197.850998
198.177002
185.423004
183.679001
212.669006
209.813995
222.802994
221.582001
197.095001
209.472
210.287994
225.251007
247.337006
240.992004
244.843994
228.326996
218.647003
215.440002
229.041
221.705002
231.328995
233.220001
231.100006
226.406998
220.445999
222.266998
227.552002
225.434998
226.509003
229.710007
227.615005
225.610001
188.707001
196.363998
199.690994
195.270004
209.628006
210.216995
207.404007
203.257004
203.514999
205.389999
205.173996
204.016006
204.126999
203.867996
202.335999
203.356003
204.509995
205.173996
197.203003
197.649002
197.537003
198.981995
200.740005
200.158005
207.100006
209.473999
218.899002
217.326996
211.987
209.975006
212.479004
211.513
210.149002
206.533997
181.899002
180.865005
175.360001
174.175003
177.179001
148.811005
131.141998
136.811005
126.418999
123.304001
113.125999
116.343002
107.913002
110.197998
122.72155
117.728096
113.397758
118.26815
116.378761
108.803162
110.335518
102.450592
91.649834
93.41008
92.035431
94.992172
91.578934
88.610703
90.655228
86.630356
84.279694
84.469406
85.382111
95.10804
101.683846
101.090439
115.835403
109.45594
117.273895
130.641663
140.997589
129.888824
131.923584
116.898201
138.468781
137.627457
140.031067
133.418152
141.519516
155.196045
148.912888
154.337418
155.80423
157.809494
151.967545
150.554688
150.843506
127.813965
127.528084
125.907227
116.979095
129.172684
121.809242
123.57354
123.654655
121.614426
124.632401
119.636459
117.110756
118.713814
117.462784
117.594955
116.373528
116.510315
113.285233
106.721954
105.407204
108.900772
107.147682
107.466415
110.490318
107.625824
107.628166
107.569305
104.835777
104.64505
119.214111
119.408966
124.871536
121.178574
122.544289
122.416985
121.453697
122.396454
123.182083
133.032547
146.398819
145.172729
149.352325
146.073257
148.67662
158.902405
135.499725
139.646088
138.029572
136.283081
136.836243
136.350082
134.786118
132.157883
127.792953
137.95874
138.942383
138.311356
134.887558
138.180496
136.849533
134.012848
134.611771
133.203903
133.567154
137.911957
142.238297
140.104858
139.254013
140.484711
140.478485
136.562256
137.039871
138.315353
137.08136
135.054321
135.454361
141.005844
139.343201
142.359146
142.139221
141.465485
141.839523
164.008636
161.431763
158.020004
165.511246
165.977249
174.449677
180.222122
176.067841
177.342758
165.335205
164.622849
164.476089
167.897476
161.52655
167.553696
166.913208
173.787888
173.718811
173.715408
170.017487
172.007217
171.349533
165.914734
154.579437
156.270859
158.499771
157.291061
155.172775
162.186554
160.853577
162.075165
167.887222
164.015259
163.337982
172.427277
169.904205
170.951874
170.312973
173.139313
194.163025
187.417923
196.738281
217.010117
246.941956
263.848358
243.911301
234.449463
261.267487
251.647842
254.995316
244.665115
245.987091
249.694046
251.724792
267.141876
272.590485
271.779053
269.55188
256.015259
268.43335
265.512726
270.088562
252.511642
241.49704
246.925247
249.335281
251.249313
245.540482
232.830139
247.862122
245.925491
260.913513
256.179657
263.934143
268.901154
269.090576
274.320251
265.056854
269.407867
271.743103
295.115082
309.416687
307.722137
310.678619
317.992584
336.9599
294.143036
311.284424
319.584045
290.268494
293.537262
291.764618
303.025085
284.38092
287.893829
287.603607
305.734772
313.325165
308.851288
289.945984
268.692261
276.289124
269.281616
227.965057
229.748657
199.066788
211.444611
226.6577
221.412659
229.167694
225.698654
217.568466
212.553818
216.969116
219.628128
219.61763
207.413773
211.123657
211.339203
210.492416
218.554596
217.88446
217.895554
222.580811
222.650879
234.24559
225.925293
226.518478
220.908646
210.530167
206.732239
216.055908
211.342697
208.603989
186.683502
188.644257
185.531662
185.841095
194.55603
202.813141
196.621689
186.941238
191.106873
194.671631
191.234787
186.73555
188.950058
187.495499
173.958694
169.489288
168.887894
172.458405
171.697601
178.357758
179.491989
175.966278
174.172226
169.955276
178.282593
181.362488
181.212845
179.839493
178.803772
180.975586
181.321579
188.068436
189.689331
197.114761
208.050598
211.247238
221.069626
217.897385
215.486557
211.713211
201.842087
168.133575
170.756912
166.651703
174.680832
174.612747
170.461349
180.209122
177.22406
180.703705
175.238434
176.94632
176.36438
172.940338
181.113358
182.036301
193.191071
191.801071
182.534027
180.861313
182.028473
186.977051
181.343735
175.906891
177.988556
173.649445
172.974762
175.52475
174.90506
172.262802
162.514114
162.189713
181.667068
179.932632
184.397507
182.67038
190.336395
184.797623
183.803696
184.018158
183.994827
182.319031
186.309311
189.113495
191.504303
187.924271
184.311722
184.943359
189.50293
185.564835
186.942444
188.272507
186.058167
180.4991
183.35083
185.041458
180.502457
177.415283
175.673599
161.50589
150.212219
153.430527
142.697006
146.404312
148.39682
153.069244
151.7686
155.286407
152.491928
151.175476
149.058243
147.918381
146.686493
149.396484
149.197601
148.743683
151.224396
148.179855
146.320648
143.615662
145.655685
144.953415
142.86499
143.139526
133.647186
122.656837
133.05278
129.384369
129.095963
128.098129
132.306992
128.629257
129.068497
126.486328
126.368797
127.213013
128.266876
134.796524
132.612274
129.630661
130.820038
127.411263
134.168518
135.072098
136.305542
144.311996
143.487823
141.155777
138.967041
143.409103
143.032547
146.220139
144.251053
165.734619
166.332825
164.48938
170.747726
175.46759
166.904129
167.060471
169.608536
168.2957
162.899368
163.067291
161.176819
168.00885
170.884857
176.347885
174.917709
184.736908
180.11377
183.532501
188.607407
189.861725
189.299103
204.1297
212.315887
222.510971
222.982239
228.549133
223.384933
235.898224
265.052704
268.023285
284.56131
264.904053
259.890564
266.50882
282.036285
259.819855
257.891113
265.551575
262.278412
273.705078
265.283386
247.740204
225.687042
226.98761
226.83345
219.752686
218.711624
230.523972
224.565338
224.641891
229.168427
243.750198
237.780685
201.318497
202.863953
200.768036
194.738922
112.689995
133.582474
123.246063
124.996117
110.406784
113.857643
114.839828
136.649277
133.101761
132.851135
123.365982
135.194138
138.914963
136.190674
138.369934
134.032745
131.015335
125.577896
132.820923
133.61232
135.732178
142.110458
142.215179
145.261017
143.608215
169.147446
165.240326
172.761261
170.829269
158.538986
158.232391
160.720673
156.355957
157.565643
153.200424
null
171.618073
186.861984
181.480225
172.017715
172.670395
182.620178
185.222107
189.207397
195.413589
197.475723
197.273514
198.465195
216.909134
207.901733
214.230087
215.352066
210.890854
208.013
206.481354
203.912857
212.198242
213.142166
211.5522
188.632187
185.877335
189.3741
198.89151
202.955399
195.613388
200.608871
207.179779
214.604935
213.446243
210.12915
199.837112
207.194489
208.716064
201.982651
205.259567
201.893005
208.885437
219.925049
220.717209
242.351379
230.86026
246.828186
237.395218
244.105286
244.349594
241.201355
241.908081
245.178574
246.175018
244.822067
247.548538
231.625458
237.544617
238.968185
234.058304
229.762299
234.492371
232.898697
231.954971
226.976364
229.216141
229.003372
242.537018
244.185928
235.70285
232.877487
229.631485
222.91449
225.361435
227.96843
226.134583
231.28891
229.318954
225.288483
228.976196
227.685013
240.972595
239.159973
246.748291
242.868011
241.044785
239.459641
242.18187
239.975616
240.143646
238.450912
233.691391
232.855682
235.458298
238.494873
236.302505
245.037262
262.388641
274.722687
279.026367
303.692383
309.657928
321.829742
316.555359
318.144989
334.633728
345.798615
385.549866
371.13385
386.156464
389.710815
401.583862
395.226868
379.551575
395.305237
391.041504
395.894714
380.063812
390.838104
428.677277
437.562988
433.350586
433.973755
429.669617
423.738586
406.758911
416.148773
389.031097
395.562836
391.678986
408.071686
383.977448
386.609863
382.629578
395.687592
399.616699
428.509003
434.874451
477.007874
440.23999
384.671631
388.038391
335.334564
353.450256
353.202271
337.824921
351.429321
368.1185
374.595398
387.519287
365.699585
377.154022
364.743988
365.865784
389.337494
384.041656
385.597992
371.400146
341.723816
344.622498
320.618317
349.363129
352.53125
354.587219
357.311157
354.974823
359.942352
360.004639
353.220184
346.502655
347.27243
353.045807
354.137787
341.091675
342.094971
null
365.402466
370.928436
null
null
381.971466
379.19223
377.8685
366.015717
368.727539
378.469635
379.719696
369.059418
391.488617
414.051331
409.767242
412.457642
406.217987
393.888184
403.997101
388.651062
386.730255
382.820038
386.590332
396.355988
383.156036
387.60321
402.142944
414.066711
454.722565
435.718811
453.574158
444.166382
449.679657
462.959534
461.005493
474.626434
460.149902
447.55899
464.406647
480.346832
479.481018
471.63147
509.744598
549.486633
558.059509
608.522766
603.902039
570.514893
519.108093
517.597351
538.264587
575.75708
615.070313
587.261597
598.459229
616.722778
569.347656
596.568665
601.797119
591.900818
554.792908
573.504028
559.679199
545.578552
568.609863
589.782471
586.02179
589.378662
636.154175
642.916992
654.624207
659.185059
638.315186
609.420532
634.824585
584.13562
611.554565
626.498047
635.887146
683.205811
730.358704
731.472839
751.626648
737.708374
730.402649
774.511841
977.058838
1041.498779
1101.005005
1208.078369
1225.967896
1223.740479
1280.871094
1261.622925
1088.526733
1043.740967
1130.231201
1221.877197
1171.443115
1233.453369
1230.313232
1257.43457
1375.248413
1382.684448
1118.889038
1235.267944
1231.210571
1390.639893
1323.741699
1358.333374
1251.279785
1369.086792
1382.231934
1376.823608
1314.855225
1369.505127
1514.769653
1661.170166
1594.793335
1717.797485
1677.605713
1613.642212
1746.926147
1768.039795
1743.714233
1783.489136
1843.986816
1814.372314
1804.676758
1778.945557
1781.350098
1848.206299
1938.859863
1959.902954
1918.673096
1935.557861
1781.409058
1571.47644
1625.393921
1478.65332
1446.929443
1459.860474
1417.151123
1564.063477
1491.451172
1574.623779
1541.541748
1532.372803
1655.392456
1724.229248
1835.148071
1868.489014
1798.033936
1826.546753
1772.166382
1923.86377
1854.08667
1792.413818
1807.056152
1823.158447
1782.568726
1817.522705
1812.606567
1788.362183
1690.871826
1678.002563
1593.123291
1595.210083
1703.036133
1716.40564
1691.263184
1819.466309
1846.098267
1919.157227
1976.932739
2142.895996
2027.671265
2093.260742
2109.493164
2117.728516
1969.133179
2088.772217
2071.111572
2136.156982
2157.361816
2139.364258
2299.3479
2436.034668
2516.601807
2429.980957
2346.452393
2238.032715
2161.939453
2331.160156
2357.871094
2401.256348
2367.199219
2214.413818
2319.478027
2534.03125
2664.685547
2748.649658
2757.734131
2772.838379
