0.024455
0.024377
0.024297
0.0221
0.018943
0.020325
0.020727
0.020843
0.02065
0.020623
0.019244
0.018782
0.018428
0.015611
0.014204
0.016449
0.016393
0.015386
0.015657
0.015947
0.016108
0.0167
0.017013
0.01672
0.016703
0.016586
0.016007
0.015836
0.014966
0.014691
0.014441
0.014286
0.014137
0.013658
0.013027
0.013503
0.014473
0.015186
0.014576
0.01443
0.014003
0.013643
0.01378
0.014031
0.014564
0.014941
0.013745
0.013751
0.014028
0.013806
0.013741
0.013462
0.013289
0.013124
0.013351
0.013403
0.013405
0.013294
0.013357
0.012992
0.012233
0.012191
0.010222
0.010056
0.011552
0.010858
0.010528
0.009963
0.01064
0.010087
0.010227
0.010352
0.010487
0.011095
0.010825
0.010966
0.010929
0.010593
0.01048
0.010445
0.010181
0.010198
0.010313
0.009764
0.009115
0.008764
0.008888
0.008851
0.008499
0.008452
0.007772
0.007666
0.007905
0.008717
0.008847
0.008749
0.008775
0.009067
0.009192
0.008776
0.008515
0.008299
0.008612
0.008193
0.00816
0.007955
0.008014
0.008042
0.007899
0.007841
0.007933
0.007975
0.008027
0.008018
0.00808
0.00829
0.007742
0.007764
0.007633
0.007857
0.008035
0.00802
0.008036
0.008057
0.008017
0.00792
0.007787
0.007531
0.007492
0.007572
0.007379
0.007365
0.007209
0.006853
0.006603
0.006655
0.006586
0.006327
0.005746
0.006537
0.006636
0.006573
0.006639
0.006798
0.006843
0.006928
0.006792
0.006941
0.007837
0.00906
0.008403
0.008276
0.007582
0.008007
0.00801
0.007884
0.007956
0.007906
0.007867
0.008009
0.007984
0.007999
0.008041
0.007994
0.008093
0.008146
0.00858
0.009427
0.009689
0.010279
0.011288
0.01103
0.010295
0.010568
0.010667
0.01091
0.011048
0.01129
0.011444
0.011487
0.01197
0.011317
0.011195
0.011038
0.011099
0.01077
0.010021
0.009882
0.009572
0.009467
0.008956
0.008848
0.008611
0.00861
0.008565
0.008638
0.008513
0.008061
0.008023
0.008061
0.008093
0.007951
0.007708
0.007579
0.007486
0.007655
0.007888
0.008116
0.008565
0.008451
0.008517
0.008494
0.008438
0.008225
0.00823
0.008277
0.008264
0.008225
0.00802
0.008164
0.008484
0.008812
0.008751
0.008591
0.008267
0.008148
0.00833
0.008419
0.008314
0.008301
0.007526
0.00776
0.007871
0.007878
0.007722
0.007553
0.007399
0.007133
0.007474
0.007555
0.007427
0.007751
0.008061
0.007884
0.007821
0.007692
0.00743
0.007352
0.007861
0.007889
0.007917
0.00783
0.007685
0.007661
0.008447
0.008197
0.008535
0.007398
0.007721
0.007427
0.007383
0.007527
0.007482
0.007633
0.007245
0.007167
0.006668
0.006707
0.006651
0.0065
0.006535
0.006291
0.005582
0.005518
0.005445
0.005855
0.005515
0.005237
0.005009
0.005328
0.005375
0.005032
0.004983
0.005038
0.005181
0.005262
0.005379
0.005424
0.005392
0.0054
0.005199
0.004976
0.005042
0.004739
0.004696
0.004726
0.004676
0.004662
0.00456
0.004674
0.004648
0.00467
0.004635
0.00484
0.004685
0.004896
0.00516
0.005402
0.004955
0.0045
0.004566
0.004684
0.00465
0.004606
0.004408
0.004266
0.004536
0.004482
0.004327
0.004163
0.004234
0.004251
0.004259
0.004222
0.004227
0.004249
0.004269
0.004288
0.004242
0.004317
0.004276
0.004275
0.004243
0.004298
0.004202
0.004091
0.004176
0.004262
0.004756
0.005302
0.005312
0.005561
0.006796
0.008527
0.008445
0.008454
0.008532
0.008774
0.0076
0.006689
0.006754
0.006686
0.006383
0.006292
0.006234
0.006271
0.006188
0.006023
0.005971
0.006491
0.006172
0.006348
0.006342
0.006266
0.006184
0.00604
0.005957
0.006066
0.006019
0.005954
0.006044
0.005998
0.00604
0.005937
0.005982
0.005963
0.005892
0.005836
0.005795
0.005528
0.005221
0.00511
0.00527
0.00533
0.005271
0.00537
0.005314
0.005109
0.005121
0.005218
0.005138
0.005408
0.006507
0.006228
0.006824
0.006631
0.006398
0.006545
0.006771
0.006882
0.006965
0.007273
0.007924
0.008375
0.007999
0.007827
0.007857
0.007822
0.007961
0.008263
0.008593
0.008631
0.008456
0.008135
0.007994
0.008253
0.008246
0.0081
0.008055
0.007971
0.008063
0.008025
0.008063
0.007977
0.007895
0.007923
0.008005
0.008028
0.008036
0.008117
0.007857
0.007835
0.007911
0.007951
0.008051
0.008183
0.008801
0.008698
0.008624
0.008478
0.008185
0.008182
0.008284
0.008124
0.008015
0.007956
0.008028
0.008109
0.008335
0.008234
0.00819
0.008062
0.008025
0.007573
0.007568
0.007332
0.007391
0.007418
0.007504
0.007502
0.007488
0.007467
0.007308
0.006875
0.006674
0.006289
0.005937
0.006048
0.005884
0.005697
0.006303
0.006421
0.006499
0.006503
0.006987
0.007117
0.007265
0.007439
0.007282
0.007344
0.00725
0.007279
0.007094
0.00672
0.006689
0.006761
0.006812
0.006791
0.006716
0.006558
0.006323
0.006198
0.006395
0.00649
0.006402
0.006399
0.006272
0.006188
0.006167
0.006111
0.006072
0.006061
0.006022
0.006022
0.006025
0.006028
0.00609
0.005989
0.005935
0.005911
0.005962
0.005757
0.00567
0.005676
0.005682
0.005664
0.005746
0.005701
0.005809
0.005766
0.005829
0.005779
0.005795
0.005764
0.00578
0.005769
0.005785
0.005737
0.005766
0.005852
0.005828
0.007093
0.006889
0.006681
0.006693
0.006585
0.006818
0.00663
0.006179
0.006519
0.00638
0.006427
0.006409
0.006402
0.006407
0.006775
0.006778
0.006651
0.006788
0.006714
0.006621
0.007029
0.006716
0.006689
0.006609
0.006717
0.006672
0.006671
0.006534
0.00635
0.006408
0.006388
0.006442
0.006571
0.006538
0.006479
0.006404
0.00639
0.006417
0.006303
0.006328
0.006293
0.006246
0.005996
0.005973
0.005974
0.006112
0.006118
0.005942
0.005911
0.005688
0.005646
0.005821
0.006448
0.006337
0.00616
0.006027
0.006147
0.006196
0.006188
0.006119
0.006092
0.005993
0.006045
0.006144
0.0061
0.00612
0.006126
0.006116
0.006055
0.006002
0.006015
0.006049
0.006083
0.006018
0.005974
0.005961
0.00612
0.006036
0.006013
0.005979
0.005967
0.005964
0.005948
0.005933
0.005915
0.005892
0.005901
0.005872
0.005866
0.005844
0.005899
0.005888
0.005969
0.008286
0.007391
0.007017
0.006855
0.006865
0.006809
0.006833
0.006848
0.007234
0.007356
0.007872
0.007959
0.00822
0.009065
0.00891
0.008839
0.008197
0.008165
0.008115
0.007873
0.007429
0.007377
0.007371
0.00731
0.007542
0.007993
0.008208
0.007951
0.00798
0.008769
0.008137
0.008079
0.008032
0.008348
0.008636
0.00909
0.009027
0.008977
0.009432
0.009065
0.008884
0.008833
0.008483
0.008157
0.007738
0.008014
0.008197
0.008104
0.008221
0.008015
0.008157
0.00823
0.008197
0.008111
0.008205
0.008081
0.008131
0.008061
0.008039
0.008255
0.008099
0.007888
0.007851
0.007722
0.007778
0.007799
0.007649
0.007567
0.007434
0.007062
0.006948
0.006895
0.007385
0.007082
0.007009
0.006779
0.006723
0.006707
0.006712
0.006592
0.006525
0.006435
0.006653
0.006849
0.007091
0.007138
0.006816
0.006744
0.00678
0.006704
0.006699
0.006662
0.006704
0.006541
0.006582
0.00654
0.006498
0.006452
0.006362
0.006275
0.00635
0.006443
0.006326
0.006193
0.00618
0.006352
0.006417
0.006523
0.006386
0.00629
0.006385
0.006572
0.006197
0.006351
0.006383
0.006239
0.006157
0.006708
0.006417
0.006434
0.00661
0.006867
0.006747
0.006772
0.00679
0.006713
0.007032
0.006694
0.006706
0.006718
0.006708
0.006527
0.006511
0.006686
0.006409
0.006356
0.006402
0.00639
0.006311
0.00654
0.006466
0.006487
0.006494
0.006439
0.006437
0.006407
0.006433
0.006367
0.00629
0.006328
0.006267
0.00624
0.006279
0.006138
0.005939
0.005949
0.005589
0.005879
0.005871
0.005849
0.005856
0.005883
0.0057
0.005664
0.005665
0.005608
0.005525
0.005419
0.005988
0.006354
0.00629
0.006129
0.006057
0.006551
0.006485
0.006503
0.006229
0.006214
0.006271
0.006346
0.00637
0.006319
0.006406
0.006137
0.006736
0.006915
0.006996
0.006908
0.007284
0.010528
0.010502
0.009159
0.009482
0.009568
0.009526
0.010125
0.013049
0.021743
0.021938
0.060291
0.033032
0.037386
0.035672
0.03274
0.036355
0.035799
0.034123
0.033677
0.033002
0.034459
0.034262
0.033528
0.03388
0.0334
0.033638
0.033181
0.030259
0.029727
0.033122
0.031878
0.031236
0.031409
0.03239
0.032827
0.034843
0.044558
0.052807
0.05158
0.054646
0.053905
0.061062
0.080229
0.093429
0.101929
0.14162
0.199198
0.158471
0.185035
0.18276
0.206697
0.215179
0.220069
0.269824
0.355124
0.394931
0.363505
0.328631
0.353164
0.338403
0.313347
0.325054
0.291834
0.245083
0.272697
0.212887
0.227189
0.232191
0.20536
0.243946
0.333645
0.30046
0.298386
0.299862
0.294028
0.284677
0.280902
0.289695
0.285806
0.259445
0.273075
0.253823
0.265823
0.278196
0.259473
0.262358
0.268085
0.283977
0.292194
0.324623
0.299886
0.297718
0.319188
0.310816
0.29877
0.277288
0.275391
0.280565
0.26606
0.262855
0.254512
0.258977
0.259841
0.255125
0.256374
0.254858
0.239741
0.236884
0.234067
0.196415
0.184198
0.205873
0.200819
0.190976
0.16948
0.150146
0.179668
0.188498
0.170017
0.18943
0.182168
0.193568
0.194979
0.19228
0.177582
0.17521
0.173211
0.165218
0.169494
0.16505
0.168024
0.177531
0.173218
0.174555
0.173865
0.185398
0.179716
0.179602
0.192527
0.183168
0.180175
0.179221
0.173545
0.168376
0.16979
0.161238
0.160787
0.157117
0.159553
0.154569
0.15841
0.194971
0.240987
0.252371
0.2172
0.218256
0.212617
0.203425
0.224026
0.218871
0.227558
0.255803
0.249348
0.227229
0.228781
0.20511
0.214951
0.226382
0.223615
0.211293
0.209606
0.212513
0.21486
0.20963
0.200427
0.165035
0.181925
0.178377
0.178309
0.189819
0.18371
0.180981
0.171567
0.173371
0.178175
0.175519
0.181968
0.185297
0.202532
0.196105
0.193824
0.197622
0.206077
0.203209
0.203218
0.215583
0.237726
0.233963
0.238312
0.278758
0.252825
0.260658
0.265046
0.248285
0.26115
0.257537
0.263386
0.256098
0.231216
0.218229
0.215086
0.210189
0.210958
0.203504
0.195567
0.207113
0.204444
0.203668
0.202592
0.201358
0.203076
0.202405
0.200247
0.194596
0.206205
0.208083
0.203274
0.201967
0.205103
0.210675
0.217911
0.218256
0.205948
0.210214
0.197472
0.203679
0.208937
0.212655
0.224768
0.226547
0.22814
0.231336
0.237978
0.232642
0.238991
0.242851
0.244178
0.252914
0.248305
0.254037
0.297867
0.246433
0.250352
0.255656
0.25553
0.252919
0.253598
0.245416
0.232623
0.223636
0.252162
0.245548
0.236574
0.252258
0.372689
0.470648
0.86176
0.755493
0.754125
0.728036
0.777447
0.787171
0.782515
1.16651
1.16594
1.17558
1.04561
1.12174
1.18422
1.39389
1.43957
2.199
2.0951
2.29602
2.36948
2.4641
3.11734
3.30081
3.02105
3.09296
3.36357
2.44346
2.12991
1.98021
1.94048
2.05141
2.01852
1.85625
1.67836
1.18368
1.30558
1.58217
1.56284
1.57623
1.39161
1.35319
1.35212
1.36325
1.30892
1.21789
1.22389
1.39921
1.32818
1.13066
1.16088
0.960642
0.891992
0.913418
0.825943
0.705121
0.774576
0.729252
0.79714
0.947251
1.06733
1.0065
1.07974
1.02608
1.13905
1.14494
1.13743
1.20478
1.12315
1.14455
1.08199
1.01226
0.934176
0.997659
0.951977
0.943704
0.959302
0.944697
0.904131
0.926638
0.908786
0.906008
1.01429
0.954448
0.924378
0.872508
0.826122
0.854872
0.795765
0.832127
0.798451
0.789569
0.702913
0.699063
0.687745
0.634466
0.672126
0.736759
0.713055
0.693145
0.663111
0.646214
0.638632
0.642683
0.599026
0.577511
0.577767
0.513268
0.510617
0.513854
0.486067
0.501533
0.554569
0.50195
0.494781
0.476851
0.488227
0.501201
0.492134
0.492568
0.538657
0.630093
0.63738
0.634883
0.682296
0.66489
0.657052
0.712059
0.791172
0.925021
0.86682
0.866578
0.876012
0.932771
0.801774
0.851139
0.812063
0.864399
0.871404
0.838355
0.839355
0.85898
0.881536
0.895562
0.904235
0.871214
0.833086
0.813393
0.803212
0.756578
0.685772
0.698085
0.744701
0.738938
0.69592
0.713388
0.6654
0.680759
0.677258
0.700441
0.682151
0.648634
0.599207
0.632924
0.610118
0.61204
0.608368
0.556084
0.603769
0.603452
0.612893
0.623462
0.643412
0.692466
0.661898
0.677901
0.675313
0.677586
0.674778
0.659514
0.586198
0.602136
0.562845
0.535435
0.560062
0.537106
0.535536
0.52882
0.538614
0.549738
0.539228
0.535091
0.487309
0.491773
0.477106
0.482381
0.455551
0.47033
0.448354
0.454112
0.465944
0.461606
0.486259
0.485584
0.490422
0.480579
0.478617
0.492319
0.477291
0.473855
0.445127
0.449882
0.436514
0.438561
0.439095
0.446413
0.481301
0.505118
0.487577
0.476485
0.446219
0.455002
0.449121
0.445559
0.455842
0.459447
0.449623
0.454599
0.456606
0.453469
0.445892
0.435562
0.447016
0.430397
0.441039
0.42858
0.433886
0.413776
0.380875
0.333771
0.346167
0.321122
0.300604
0.297572
0.278738
0.276797
0.282034
0.292808
0.363027
0.327363
0.344451
0.318219
0.334434
0.319573
0.32739
0.32765
0.328162
0.323643
0.337527
0.350833
0.344546
0.335474
0.335313
0.347323
0.343137
0.335184
0.331465
0.2835
0.301431
0.291119
0.278661
0.280237
0.270167
0.263166
0.270783
0.281184
0.277006
0.281723
0.281545
0.271452
0.320324
0.326441
0.452836
0.565468
0.57522
0.570614
0.487622
0.520288
0.516478
0.54303
0.539412
0.568045
0.583511
0.577145
0.51722
0.528892
0.52753
0.519354
0.490268
0.484018
0.490604
0.479151
0.461497
0.379313
0.416294
0.418573
0.401654
0.448066
0.469701
0.467653
0.457344
0.453936
0.458863
0.456089
0.45307
0.461505
0.45578
0.456961
0.459176
0.457169
0.461598
0.441968
0.445268
0.44862
0.456506
0.458899
0.455225
0.461444
0.497102
0.549319
0.53664
0.492847
0.5003
0.506895
0.507833
0.516663
0.508372
0.472378
0.479232
0.472323
0.493419
0.510127
0.480279
0.436492
0.447948
0.425209
0.407844
0.374511
0.375553
0.353977
0.360313
0.391862
0.380538
0.362557
0.372162
0.368598
0.348534
0.352353
0.337083
0.310837
0.30244
0.306451
0.313485
0.3031
0.300671
0.30766
0.299972
0.288699
0.285911
0.288101
0.329022
0.35506
0.347361
0.376756
0.358885
0.363045
0.372398
0.408439
0.379991
0.379106
0.341807
0.378346
0.365248
0.371051
0.352512
0.365675
0.374505
0.359753
0.356347
0.35475
0.368854
0.36442
0.365886
0.371464
0.331284
0.333004
0.328662
0.318354
0.333912
0.326946
0.32969
0.329196
0.325702
0.33122
0.321179
0.321078
0.319566
0.316416
0.317859
0.31726
0.314854
0.30936
0.29506
0.289425
0.320704
0.310839
0.308326
0.310429
0.30258
0.299763
0.29943
0.290691
0.291668
0.311578
0.311253
0.310034
0.302569
0.305429
0.304017
0.302129
0.301602
0.301571
0.303084
0.321427
0.323572
0.332869
0.321449
0.321314
0.332942
0.300708
0.327779
0.319677
0.313115
0.315066
0.316911
0.314857
0.312021
0.305095
0.316674
0.317192
0.315044
0.309751
0.314266
0.313175
0.311138
0.310611
0.31387
0.312733
0.315066
0.320387
0.317716
0.316756
0.319346
0.31996
0.311342
0.311343
0.312396
0.309446
0.303808
0.305421
0.312383
0.309269
0.307655
0.31073
0.309195
0.312805
0.351309
0.342286
0.332685
0.361837
0.354406
0.361143
0.358307
0.349425
0.354828
0.330664
0.326386
0.32616
0.328841
0.320998
0.327157
0.335476
0.337062
0.331871
0.328678
0.322277
0.323844
0.321114
0.302224
0.289838
0.298541
0.296865
0.297422
0.29432
0.30949
0.304735
0.303232
0.308173
0.304628
0.302275
0.302092
0.299022
0.300582
0.296523
0.300312
0.324265
0.310118
0.325111
0.408673
0.455692
0.419676
0.388622
0.372647
0.417456
0.398209
0.397493
0.376736
0.381313
0.384804
0.387129
0.408397
0.433781
0.446747
0.443786
0.422332
0.438711
0.430953
0.444674
0.425415
0.400272
0.402333
0.419548
0.423261
0.412689
0.388186
0.400674
0.394351
0.401696
0.400839
0.405759
0.410535
0.427161
0.447815
0.428757
0.436565
0.429813
0.443629
0.474858
0.468564
0.470534
0.468444
0.467701
0.409027
0.427877
0.42918
0.3959
0.406414
0.400178
0.408316
0.388729
0.379139
0.389503
0.397261
0.401645
0.394857
0.363446
0.330343
0.344704
0.332685
0.306575
0.315186
0.296762
0.310748
0.322964
0.32049
0.333682
0.331368
0.322267
0.309885
0.315859
0.31474
0.323512
0.310631
0.311996
0.31109
0.317887
0.320734
0.317809
0.312506
0.316862
0.319723
0.324018
0.311492
0.311785
0.307567
0.297245
0.298566
0.302169
0.300661
0.296719
0.263707
0.265075
0.261885
0.265714
0.28229
0.283159
0.275765
0.265802
0.270575
0.276543
0.272612
0.269946
0.270899
0.269583
0.257461
0.256951
0.256195
0.259171
0.258064
0.260838
0.263185
0.259912
0.256269
0.252411
0.260777
0.263247
0.25969
0.258692
0.255973
0.254795
0.255485
0.26117
0.261574
0.260862
0.284163
0.31374
0.302455
0.294456
0.28946
0.278602
0.268686
0.235483
0.246448
0.243712
0.244023
0.242592
0.241383
0.256213
0.249618
0.253457
0.247924
0.253608
0.253434
0.25757
0.275829
0.278392
0.281551
0.272109
0.271115
0.273129
0.277626
0.296438
0.288895
0.284556
0.30234
0.294852
0.293042
0.294265
0.293019
0.291556
0.274101
0.278607
0.298039
0.293886
0.298143
0.295991
0.301913
0.296527
0.296389
0.292688
0.296272
0.291236
0.299906
0.301103
0.310175
0.292438
0.276863
0.280273
0.280164
0.275179
0.272379
0.272903
0.270463
0.261694
0.264009
0.265137
0.255646
0.256545
0.251316
0.243775
0.231574
0.236227
0.222832
0.218464
0.221845
0.225221
0.224623
0.230232
0.226466
0.225386
0.219516
0.219824
0.216249
0.222959
0.225492
0.228453
0.230433
0.225439
0.224241
0.222013
0.219827
0.220748
0.217573
0.218647
0.207189
0.184613
0.196289
0.1909
0.19534
0.193999
0.196958
0.190992
0.192288
0.190555
0.190403
0.191063
0.193116
0.197063
0.194518
0.192912
0.192708
0.187948
0.193521
0.194367
0.195536
0.221576
0.213834
0.20911
0.204908
0.212097
0.212151
0.215624
0.212528
0.234504
0.232881
0.228725
0.23888
0.243367
0.235384
0.23334
0.237263
0.236173
0.226201
0.223049
0.220345
0.230532
0.231206
0.238691
0.235607
0.243618
0.239191
0.241321
0.25057
0.254557
0.266692
0.277542
0.282205
0.278878
0.277097
0.282486
0.273902
0.280272
0.304195
0.326363
0.335119
0.307265
0.294629
0.28701
0.297884
0.277138
0.272299
0.275345
0.275939
0.28259
0.270541
0.253371
0.231092
0.237111
0.236521
0.231105
0.228935
0.238669
0.234545
0.234555
0.23949
0.24397
0.23711
0.206683
0.209721
0.212293
0.208205
0.140524
0.15924
0.147293
0.153885
0.140982
0.144673
0.143159
0.165092
0.156715
0.158121
0.149929
0.157574
0.16229
0.16168
0.175003
0.175932
0.17568
0.163762
0.172134
0.174315
0.17518
0.178769
0.179612
0.181764
0.179628
0.195686
0.192137
0.200973
0.198156
0.187451
0.188229
0.190533
0.187808
0.18536
0.181254
null
0.189911
0.195004
0.190821
0.183337
0.184175
0.187889
0.191876
0.193685
0.195033
0.1967
0.198046
0.215562
0.227169
0.212858
0.219275
0.224064
0.219451
0.21891
0.216284
0.215492
0.218837
0.219663
0.217133
0.198162
0.194241
0.197561
0.201341
0.20294
0.199081
0.200536
0.201353
0.205251
0.203935
0.201832
0.195535
0.200418
0.198911
0.195285
0.197273
0.19392
0.197924
0.200669
0.198349
0.206236
0.202834
0.210182
0.202901
0.203719
0.205044
0.204208
0.20318
0.203426
0.203809
0.201976
0.202916
0.190165
0.193989
0.193179
0.191617
0.193064
0.191496
0.193455
0.190924
0.18679
0.188468
0.185665
0.189295
0.1887
0.184076
0.183472
0.183096
0.176872
0.177648
0.177701
0.17575
0.177155
0.177265
0.176262
0.177914
0.177017
0.188567
0.184814
0.204598
0.202842
0.198724
0.201217
0.200538
0.198495
0.198774
0.197021
0.194051
0.194349
0.199404
0.199142
0.194871
0.199029
0.203331
0.207814
0.203959
0.213994
0.214948
0.223889
0.230148
0.243254
0.244649
0.258904
0.289742
0.28749
0.309935
0.300783
0.303142
0.303464
0.294905
0.294618
0.288569
0.294683
0.284376
0.28493
0.297533
0.300246
0.299767
0.303641
0.314218
0.303513
0.290301
0.292468
0.280635
0.286358
0.285278
0.289044
0.277693
0.27736
0.264658
0.272009
0.274568
0.283065
0.281612
0.295612
0.276636
0.246726
0.255808
0.237692
0.240812
0.242029
0.236723
0.239689
0.24353
0.243055
0.247814
0.241804
0.246265
0.24401
0.247743
0.252284
0.25053
0.251663
0.246818
0.231848
0.233571
0.22166
0.233079
0.241888
0.242391
0.243252
0.241815
0.243157
0.242368
0.238302
0.234333
0.233518
0.248458
0.250813
0.24586
0.249154
null
0.253227
0.254201
null
null
0.256727
0.249406
0.246058
0.240541
0.24085
0.242308
0.245927
0.243485
0.251335
0.257326
0.254879
0.256431
0.253213
0.248688
0.2529
0.245865
0.242292
0.239188
0.239739
0.239804
0.23542
0.23951
0.237799
0.24577
0.258445
0.249582
0.253939
0.250753
0.253911
0.256258
0.254903
0.265191
0.268342
0.269641
0.291796
0.302397
0.294222
0.303766
0.328068
0.458344
0.443701
0.614193
0.692154
0.634892
0.533383
0.559675
0.625742
0.606289
0.664515
0.612992
0.629995
0.631469
0.557088
0.584414
0.619714
0.608858
0.558667
0.583657
0.573062
0.546316
0.506678
0.511608
0.497688
0.469677
0.568488
0.576739
0.5842
0.57899
0.555961
0.516792
0.447966
0.259113
0.337331
0.318074
0.294758
0.283366
0.247673
0.220902
0.211787
0.219845
0.23767
0.221744
0.226038
0.236636
0.226866
0.250926
0.326089
0.323156
0.326833
0.317941
0.288677
0.292028
0.305536
0.295569
0.280292
0.280067
0.277372
0.284826
0.294219
0.296466
0.268776
0.272611
0.27184
0.273473
0.269049
0.268856
0.251915
0.27053
0.282152
0.437832
0.492512
0.37052
0.369364
0.393411
0.445325
0.450157
0.439128
0.417766
0.447659
0.471919
0.503053
0.524627
0.608105
0.62845
0.593453
0.548595
0.520798
0.535098
0.53257
0.566883
0.516879
0.548324
0.570989
0.474201
0.471776
0.434941
0.427904
0.437764
0.415109
0.446496
0.436903
0.45006
0.485831
0.457864
0.465094
0.466888
0.473745
0.485903
0.463049
0.452991
0.441109
0.459631
0.442087
0.437454
0.462822
0.472383
0.472797
0.471105
0.527416
0.51981
0.550135
0.556265
0.488234
0.517389
0.567193
0.550377
0.550645
0.567737
0.566833
0.573959
0.57936
0.616779
0.590909
0.646703
0.916918
1.097547
0.919055
1.053417
1.020282
1.372068
1.354004
1.47008
1.794248
1.837281
1.759303
1.553027
1.559104
1.409457
1.309951
1.386157
1.291807
1.157139
1.17019
1.04949
1.035183
1.366743
1.401563
1.357965
1.3985
1.598409
